13

5
1 4 7 4 7
1 5 4 4 1

10
7 1 2 2 6 1 5 7 0 6
1 3 2 7 5 9 5 7 5 1

10
91 35 54 27 69 83 18 50 26 98
73 95 94 54 50 25 23 66 70 67

50
1 1 0 0 1 0 0 1 1 0 1 1 1 1 1 0 0 0 1 1 0 0 1 0 1 0 0 0 0 0 1 0 0 0 1 0 1 1 0 0 1 0 1 0 0 0 0 1 1 1
1 1 0 1 1 1 0 0 1 0 0 1 1 0 0 1 1 0 0 0 1 0 1 0 0 0 1 0 1 0 1 0 0 0 1 1 1 0 1 1 0 1 0 1 0 0 1 1 0 0

50
5 3 0 9 1 8 8 7 3 1 5 4 8 3 7 3 8 4 4 1 9 1 5 2 0 0 9 7 9 8 6 9 5 3 6 9 0 0 5 7 2 3 9 8 8 6 8 4 4 3
2 5 7 0 1 4 0 0 0 6 5 3 5 9 0 5 0 6 4 3 9 1 7 4 8 8 7 8 1 5 8 5 6 3 9 2 0 8 2 7 6 8 8 3 4 7 3 2 2 2

50
77 74 55 80 56 65 21 46 10 73 16 27 35 84 50 89 51 77 19 91 63 66 96 29 46 32 60 13 13 97 99 18 38 40 25 22 97 60 59 42 19 77 87 97 35 79 23 84 38 13
62 93 98 15 42 31 53 98 74 73 23 93 77 98 16 40 36 62 72 84 76 71 44 27 79 38 84 83 12 20 67 78 88 11 10 73 92 12 17 95 98 92 16 60 79 77 31 69 58 49

50
355 727 465 971 562 217 877 199 726 271 645 535 278 911 826 789 383 643 735 137 211 479 613 172 562 533 832 158 456 986 698 175 636 756 297 179 292 597 477 952 887 531 609 159 670 762 948 510 636 357
891 817 513 747 911 608 848 241 187 688 819 703 949 705 488 842 456 442 711 998 913 613 529 770 615 121 730 278 986 600 946 752 656 679 807 571 655 774 465 339 385 113 383 226 880 934 488 348 185 926

200
1 0 0 0 0 0 1 0 0 0 0 0 1 0 0 1 0 0 1 0 1 0 1 1 0 0 1 1 1 1 0 0 0 1 0 1 0 0 0 1 1 1 0 1 1 0 1 1 0 1 0 0 1 0 0 0 0 1 1 0 0 0 0 1 0 1 0 0 0 0 1 1 0 0 0 0 1 1 0 0 0 1 1 1 0 1 1 1 0 1 0 0 0 0 1 1 0 1 0 1 0 0 0 0 1 0 0 1 0 0 1 1 0 0 0 1 1 1 1 0 1 1 1 0 1 0 0 0 1 1 0 0 0 1 1 1 1 1 0 1 1 1 1 0 1 1 1 0 1 0 1 1 0 1 1 0 1 1 0 1 0 0 0 0 1 1 1 1 0 0 0 1 0 1 1 1 1 1 1 1 0 0 0 1 0 1 0 1 0 0 1 1 0 1 1 0 1 0 0 1
1 0 1 1 0 1 0 0 1 1 0 0 1 1 1 0 0 1 0 0 0 0 0 1 0 0 1 0 1 0 0 1 1 1 0 0 1 1 1 0 1 1 0 0 0 0 0 1 0 1 1 0 1 1 0 1 0 0 1 1 1 1 1 0 0 1 0 1 1 0 1 1 0 1 1 0 1 1 1 1 0 1 0 0 0 1 1 1 0 0 1 1 0 0 0 1 0 1 0 1 1 1 1 0 1 0 0 0 0 1 0 1 1 0 1 0 0 1 1 0 0 1 0 1 1 0 0 0 1 1 0 1 1 1 0 0 1 0 0 0 0 0 1 0 0 0 0 1 1 1 1 0 0 0 1 1 1 0 1 1 0 1 1 0 1 1 1 0 0 1 0 0 0 0 0 1 0 1 1 0 1 0 0 0 1 1 0 0 1 1 1 1 0 1 1 1 0 1 1 0

200
1 4 0 6 8 1 3 9 6 8 7 9 7 8 1 9 6 5 8 7 9 2 7 0 5 8 1 0 7 4 8 5 3 0 5 2 8 5 8 7 8 4 8 4 7 9 9 5 2 8 8 0 7 6 9 9 4 6 9 5 9 6 9 6 7 2 3 4 1 7 5 2 2 9 5 2 9 2 0 7 9 4 7 6 7 3 4 0 3 5 7 5 2 5 0 3 8 7 7 3 4 5 5 6 0 4 6 3 8 8 1 8 5 3 1 4 4 1 9 5 8 0 2 6 7 5 5 6 2 0 0 5 3 9 2 3 2 2 6 5 0 0 6 1 1 8 8 3 3 5 9 0 1 0 1 5 6 9 1 3 5 5 8 6 4 7 4 4 0 2 4 3 4 2 2 5 4 5 2 9 8 9 7 4 7 5 2 5 9 4 3 8 6 5 5 4 6 9 7 2
9 3 9 2 0 1 3 0 0 9 5 1 1 5 3 9 6 3 0 6 9 3 8 8 6 0 9 1 7 4 8 9 5 1 5 6 1 6 6 9 2 4 6 9 2 4 6 6 9 1 5 7 2 4 1 0 8 6 9 9 0 3 0 4 3 6 7 2 3 2 5 9 9 3 4 9 4 6 1 0 2 8 8 1 7 1 1 8 5 4 2 3 0 6 3 0 6 7 9 1 4 1 4 2 2 8 0 9 8 1 1 5 6 2 1 3 8 5 4 7 4 4 2 0 3 0 6 8 7 4 4 2 5 8 9 2 2 5 6 5 2 0 2 5 6 7 8 9 9 3 4 6 5 3 6 0 1 8 9 6 4 3 2 9 9 5 7 2 8 1 0 6 1 0 9 8 9 1 6 7 5 6 2 8 0 9 9 1 9 7 8 3 7 0 6 9 9 0 7 0

200
50 82 67 64 54 45 65 18 27 45 72 23 29 89 70 72 98 38 31 38 91 84 62 62 14 16 61 25 44 16 96 80 32 52 63 39 36 61 76 53 74 89 55 64 99 44 70 79 53 97 71 30 44 84 32 32 59 95 17 54 99 86 18 84 66 23 62 40 15 19 43 81 57 58 30 27 43 42 11 47 88 44 84 49 68 22 76 54 23 48 34 75 13 30 67 46 69 19 59 63 61 64 71 83 10 64 10 41 87 51 28 49 18 30 49 39 90 63 40 48 31 68 58 95 53 19 24 64 18 77 56 36 99 75 51 52 60 40 79 68 20 76 45 21 37 83 50 92 98 49 99 68 22 23 70 71 85 42 41 22 99 57 99 64 34 11 79 16 14 24 33 22 68 71 30 12 80 87 98 48 30 34 98 46 25 89 44 49 85 25 97 87 29 23 99 32 44 30 35 72
96 78 24 74 35 31 50 82 69 11 99 92 71 26 94 28 89 51 35 30 83 52 48 55 54 22 75 14 61 19 12 64 22 92 51 74 61 19 41 96 97 64 50 79 69 51 33 89 98 93 92 78 72 96 68 36 40 11 55 52 45 67 83 66 78 34 67 89 84 31 22 14 17 51 60 47 90 67 12 42 16 29 85 34 88 19 37 93 93 21 24 97 35 98 61 90 85 62 55 62 34 82 19 37 91 56 30 99 98 79 47 78 52 64 32 57 58 98 93 15 74 27 35 90 38 21 37 95 72 47 47 53 17 83 22 96 83 88 18 41 94 36 33 60 17 45 36 53 98 97 99 64 56 63 56 63 39 10 62 81 78 25 43 72 18 36 89 59 83 76 50 85 10 14 80 85 81 96 45 27 57 55 79 33 80 77 35 65 99 43 72 33 18 71 44 99 27 83 14 92

200
862 293 337 145 998 266 165 606 413 876 374 670 865 126 422 772 554 407 152 565 979 353 209 279 204 924 345 397 811 488 939 684 268 954 263 840 106 773 163 774 260 465 737 991 745 882 389 512 331 374 267 926 429 480 916 241 183 269 221 390 818 249 397 170 938 207 721 170 190 518 616 673 942 733 177 209 146 610 925 800 230 521 706 887 517 653 583 488 296 434 724 612 581 448 314 488 870 498 646 719 337 224 594 515 735 701 439 717 342 950 181 289 116 910 962 277 459 577 537 912 711 815 122 952 248 899 357 932 684 900 747 116 989 185 937 249 649 416 492 936 106 249 631 737 604 195 648 952 932 311 551 998 757 527 168 252 988 722 119 244 615 445 918 362 495 873 424 616 873 910 124 587 711 710 120 276 348 821 491 475 345 110 602 570 151 308 670 401 941 105 219 485 838 152 228 207 404 730 869 292
436 756 183 567 745 977 441 245 519 947 158 550 239 404 532 803 153 411 678 173 734 164 442 388 988 546 773 517 837 840 858 453 610 470 101 216 592 375 876 478 781 563 843 139 248 556 264 918 302 222 727 894 109 622 749 221 258 335 895 182 579 940 975 550 399 666 410 601 951 994 946 477 817 445 915 528 139 174 436 507 955 586 518 867 857 408 634 733 707 892 998 197 483 488 870 112 132 667 165 929 534 435 334 357 255 280 276 353 987 571 113 664 755 752 603 451 576 733 288 311 332 646 307 324 409 978 500 565 627 934 940 782 596 338 312 451 565 605 843 274 327 288 645 850 518 351 231 959 535 269 285 756 787 521 173 850 849 209 508 268 717 819 592 332 709 934 886 166 607 274 898 120 574 241 928 709 234 986 630 487 295 594 919 238 847 312 415 830 237 614 298 976 182 257 535 975 921 715 831 506

1000
414 912 404 863 898 788 838 569 221 252 345 136 757 141 813 837 632 973 596 161 281 653 788 288 686 386 288 844 537 664 850 609 261 196 906 973 437 928 559 637 255 242 161 126 954 670 780 312 559 133 834 725 332 733 891 543 837 295 674 116 180 494 794 686 184 354 346 236 883 472 126 391 217 833 302 423 695 366 838 173 983 279 172 605 520 642 463 224 652 214 629 234 238 706 897 634 680 744 770 693 873 915 669 813 274 335 613 664 780 104 533 573 770 888 500 823 368 363 319 234 871 964 307 876 419 134 507 945 769 689 948 825 111 431 784 998 857 211 548 328 202 123 251 720 541 148 578 445 453 467 329 346 836 579 906 451 540 700 678 554 183 929 537 454 115 392 151 343 727 532 527 241 294 168 272 887 285 473 839 194 428 789 768 136 856 973 867 106 913 865 126 840 472 614 577 844 241 425 406 135 444 991 827 797 146 339 597 338 455 804 913 386 472 142 409 645 266 381 864 488 957 114 928 166 285 665 421 279 663 227 155 786 851 352 701 139 862 510 378 985 412 961 948 644 716 753 363 806 655 893 211 638 588 543 901 923 774 278 527 354 790 287 758 600 710 571 222 354 512 986 702 409 735 964 961 592 184 942 986 850 881 893 376 303 239 602 383 776 841 540 543 328 431 798 725 612 477 153 761 920 223 971 275 446 809 420 538 914 967 275 670 387 327 417 713 214 328 683 852 779 683 881 501 457 793 326 675 527 620 137 290 219 374 139 633 362 837 880 430 900 328 900 764 791 146 972 349 145 518 955 217 357 114 991 813 665 277 210 811 979 835 718 459 780 683 487 205 904 856 196 386 336 456 983 143 779 937 621 973 690 242 305 952 323 589 820 692 308 731 915 867 771 190 867 357 450 322 216 544 631 567 109 587 886 380 627 417 983 630 538 702 468 138 462 447 298 212 787 675 520 998 485 417 344 586 617 721 609 140 122 694 588 631 889 733 863 969 508 152 672 995 499 282 710 951 233 790 315 617 390 593 645 448 158 554 816 624 437 730 694 990 946 215 408 401 565 235 848 249 225 813 342 964 672 464 485 531 503 233 307 694 122 353 564 280 483 925 610 706 913 593 189 165 624 974 521 154 955 105 252 490 334 381 308 134 215 244 757 185 662 973 361 815 470 230 232 345 527 728 658 160 228 978 795 354 539 579 825 282 439 796 586 411 552 811 412 954 695 471 746 134 352 781 624 106 333 533 324 345 450 434 582 839 798 651 994 962 875 324 629 794 498 350 557 711 709 871 615 239 727 459 709 124 805 251 354 333 242 213 489 494 818 558 204 371 546 802 165 449 324 903 642 680 378 957 568 665 907 565 590 254 380 293 489 316 803 517 346 719 916 893 320 411 725 962 499 756 224 836 525 209 112 546 631 378 643 306 865 440 591 442 520 362 646 374 447 583 846 402 272 508 133 623 658 434 851 755 781 408 491 481 395 325 582 496 533 559 220 782 508 126 836 457 809 180 142 880 394 156 872 836 150 787 193 840 264 646 532 348 887 183 809 309 183 127 484 221 249 455 783 767 784 585 680 955 540 978 844 633 584 665 800 373 882 546 237 917 735 285 444 619 519 441 408 965 214 139 279 863 248 987 610 602 730 219 468 389 636 690 102 308 467 883 317 113 807 103 137 390 369 520 479 837 278 865 471 323 224 600 292 680 843 567 668 444 404 143 106 548 596 899 125 648 825 139 403 335 944 658 896 805 682 999 655 916 511 217 950 777 874 861 289 710 322 287 852 459 860 972 256 935 999 459 538 395 983 108 921 432 379 269 359 476 901 647 509 101 393 862 710 174 474 546 890 966 691 237 530 356 687 160 544 663 890 944 671 935 482 679 441 773 600 855 281 676 743 464 382 570 789 735 204 683 544 174 358 191 669 747 493 904 700 860 406 894 212 402 136 949 651 174 110 623 290 499 317 225 983 505 184 464 263 211 715 232 498 835 561 569 328 685 748 321 268 342 734 780 443 223 457 807 850 972 646 192 784 437 540 621 545 462 276 408 558 422 210 445 895 487 584 461 790 498 717 265 805 520 503 567 798 213 748 595 194 194 778 975 220 824 665 705 386 587 316 712 557 832 441 901 745 232 886 355 542 189 944 311 762 779 638 255 147 592 229 453 995 209 487 260 570 155 486 749 726 282 460 912 753 991 715 763 514 321 161 295 125 479 293 573 770 189 275 180 493 288 115 119 565 176 737 304 422 634 343 927 627 955 607 785 444
228 980 225 143 390 636 933 359 186 315 227 596 137 953 305 359 850 749 733 174 999 753 136 112 918 596 972 862 566 186 630 574 703 449 299 956 584 594 879 381 395 536 150 151 924 707 986 213 519 617 192 687 467 322 101 434 897 866 386 712 562 995 354 106 890 159 849 938 425 795 293 703 765 193 466 235 100 201 180 496 843 765 100 178 468 258 547 472 838 955 692 388 571 758 455 905 939 358 907 586 613 521 231 775 566 463 142 256 973 435 591 187 764 967 945 528 135 542 561 854 730 413 876 622 967 740 229 478 393 825 822 375 996 532 231 700 566 205 435 601 761 706 767 339 240 352 197 834 278 936 655 392 890 899 762 637 987 443 978 589 414 525 742 818 138 246 215 611 317 131 926 330 690 561 941 947 159 179 320 212 447 416 675 305 768 218 933 341 707 212 109 257 383 185 191 497 821 233 605 459 513 682 395 331 621 231 542 414 279 508 146 412 810 200 123 804 824 305 159 627 538 774 684 915 610 712 589 391 961 458 760 101 966 326 241 171 392 696 704 881 540 361 390 793 135 576 567 323 832 631 664 356 274 733 669 609 938 228 149 505 411 189 969 893 553 950 257 583 285 187 821 947 712 823 367 607 289 440 460 985 148 877 467 752 418 906 547 489 640 222 924 442 402 723 146 425 818 786 114 113 750 299 304 941 269 304 331 555 492 122 479 912 394 748 808 954 253 904 700 687 184 678 477 629 278 214 755 744 942 793 363 479 375 999 123 106 435 694 395 503 618 788 294 853 139 535 320 627 538 584 256 533 879 923 890 649 237 227 846 627 792 376 773 599 752 250 331 173 957 676 180 416 905 456 761 225 298 161 528 277 373 448 946 759 801 677 525 374 474 963 712 134 920 370 795 435 252 514 730 846 837 639 492 494 797 240 182 816 923 322 190 594 348 992 755 821 832 544 516 777 344 895 660 560 535 510 402 506 953 786 390 174 147 888 359 750 326 985 814 464 352 423 970 974 675 528 132 312 588 564 400 395 727 489 264 634 169 450 409 603 462 564 569 617 305 137 411 547 193 304 417 522 362 613 475 348 324 391 500 399 485 614 218 851 743 163 583 409 962 269 339 316 889 465 261 817 453 839 782 984 973 568 727 739 471 951 519 775 636 706 684 847 651 101 502 516 184 360 427 145 573 334 440 651 228 820 739 178 578 260 226 934 512 835 851 948 316 648 870 952 779 770 308 852 655 126 380 131 867 926 353 412 102 243 322 299 191 566 152 266 797 183 888 400 349 862 714 891 312 603 966 878 623 425 226 374 228 316 765 964 984 423 484 755 294 352 796 834 596 183 886 281 520 969 440 544 364 676 474 603 329 160 709 499 714 310 619 652 779 839 156 493 909 543 282 911 142 799 299 452 896 506 393 607 539 428 464 192 300 838 456 582 831 687 870 272 595 149 727 777 609 936 321 815 709 296 556 384 812 404 386 320 989 683 986 950 618 393 612 111 938 715 948 188 412 120 128 632 917 268 282 128 402 305 619 500 312 192 567 554 569 802 814 556 264 562 998 345 223 112 320 279 287 479 989 649 890 971 172 298 654 507 691 390 373 772 167 447 255 136 722 447 816 201 936 963 827 212 517 938 203 641 971 123 527 175 106 814 777 691 979 422 686 592 498 754 663 588 362 743 575 601 688 257 759 740 801 264 211 161 929 395 591 131 338 512 496 918 615 954 205 578 704 233 339 651 852 619 624 904 373 227 573 183 610 256 791 776 694 762 315 715 544 531 106 346 665 491 864 877 530 446 682 984 753 790 505 711 703 505 376 548 468 501 660 920 865 439 899 806 459 587 727 999 759 389 214 373 213 950 214 380 388 171 593 527 521 421 276 496 806 419 627 181 553 491 366 342 431 987 325 811 107 495 250 522 482 444 783 880 416 526 334 675 958 426 241 590 392 957 918 692 688 193 307 155 850 525 237 317 834 152 708 869 252 990 720 946 229 160 542 329 647 607 988 113 587 790 446 234 816 562 184 454 483 701 274 277 898 940 519 291 875 348 576 434 859 907 180 339 656 357 198 333 160 574 829 820 557 854 593 848 705 422 289 505 702 975 765 980 860 477 618 775 226 118 591 749 716 993 349 355 889 277 337 843 692 721 523 303 494 148 921 916 536 136 526 353 424 422 349 572 520 977 648 593 122 462 577 399 552 562 818 700 611 957 705 585 309 357 415 285 618 509 159 874 368 345 342 219 914 347 743 701 129 198 276 998 532 490

1000
513 938 432 233 847 788 439 821 904 448 787 111 355 899 266 766 584 662 160 823 206 293 105 157 899 948 435 625 436 479 503 332 857 945 691 759 401 814 378 397 136 718 771 660 902 117 494 874 690 848 644 451 567 676 933 544 288 894 127 296 233 912 176 656 637 620 455 364 942 482 458 969 517 527 336 419 990 871 360 180 350 469 822 767 702 969 342 829 586 960 237 677 970 413 348 669 658 963 215 367 629 970 765 833 701 548 966 894 796 987 945 414 309 452 665 859 193 118 262 475 230 289 450 125 558 596 152 883 992 318 647 293 656 319 524 855 765 479 657 891 329 244 261 898 732 758 704 560 702 656 268 160 941 116 957 427 792 156 741 395 828 494 168 382 693 269 753 669 686 259 659 896 199 967 847 262 802 996 248 868 352 222 291 971 717 617 555 459 229 336 952 855 720 246 135 192 897 988 727 222 742 143 763 711 118 979 424 774 476 454 885 792 236 765 241 765 765 280 124 621 465 720 985 564 156 772 454 163 199 477 195 478 241 129 365 175 216 459 212 786 952 926 222 924 111 403 190 156 215 715 605 465 660 660 758 890 368 432 149 917 149 292 117 830 862 619 831 612 895 654 522 537 403 853 632 106 659 596 575 886 322 906 114 601 318 443 509 437 954 883 176 154 722 129 612 188 200 684 945 875 594 945 209 767 631 887 188 859 450 698 911 461 393 151 289 616 518 373 443 526 614 930 222 157 914 593 152 367 422 279 965 832 985 291 609 345 521 979 712 758 814 590 899 501 454 760 659 870 327 685 196 954 954 864 747 123 638 763 373 983 137 975 248 245 199 571 821 675 679 931 408 626 188 649 905 550 629 904 467 674 779 660 406 557 733 776 632 402 804 949 615 986 982 722 977 604 355 675 682 607 637 842 580 748 152 435 997 434 413 149 359 291 846 341 551 507 136 428 247 658 531 840 532 793 706 709 930 895 461 494 237 165 269 693 817 420 552 205 973 679 737 135 413 273 977 627 149 847 553 875 133 631 144 673 948 358 737 675 543 522 552 920 616 810 532 958 215 692 940 126 229 542 439 784 248 769 985 280 121 246 681 398 493 819 237 172 910 804 693 157 293 215 534 770 535 148 127 697 629 604 486 313 284 408 509 637 563 189 245 441 718 900 491 715 896 587 847 697 310 169 684 243 172 470 950 860 572 736 349 579 936 861 576 838 802 924 952 778 963 593 362 907 553 563 478 952 639 878 104 533 808 230 200 350 394 585 647 459 995 667 134 400 413 256 939 341 898 112 257 462 186 411 878 469 736 518 683 119 937 872 532 338 278 798 593 793 919 671 729 354 958 153 191 195 138 895 263 540 894 519 146 601 548 847 127 738 646 931 783 336 350 113 940 352 401 587 560 988 114 425 174 653 574 671 444 887 340 555 267 375 642 813 153 583 138 906 633 567 103 561 840 560 482 197 682 580 648 694 798 457 919 948 880 971 567 933 361 678 563 713 409 746 119 961 458 669 936 502 358 802 931 189 416 237 485 197 204 826 832 258 315 285 324 437 609 319 378 151 997 646 822 247 803 627 576 681 307 508 518 148 192 672 881 507 416 675 347 773 197 879 907 179 136 991 756 909 991 157 400 236 649 691 966 669 627 318 261 819 218 179 184 327 601 826 574 944 707 118 251 784 667 544 312 221 440 138 458 649 480 136 702 497 621 732 551 322 834 350 358 857 121 387 360 916 452 635 288 399 480 144 352 578 303 330 711 531 544 137 820 238 451 216 268 910 613 186 158 868 764 491 503 479 801 566 261 958 577 852 143 197 595 777 145 546 979 199 556 122 608 779 376 678 639 520 902 359 660 640 653 132 589 589 848 137 673 660 187 993 928 842 258 962 157 288 104 778 519 680 668 456 138 738 142 206 561 870 275 450 621 893 277 401 264 613 528 908 479 841 383 993 238 903 220 687 181 322 922 577 425 168 445 977 418 496 387 230 570 171 746 204 719 976 867 647 315 886 356 618 196 753 890 327 439 601 718 530 923 567 501 104 120 465 951 227 655 422 756 643 371 308 136 701 903 695 741 906 460 173 421 715 718 380 612 610 426 724 944 123 501 376 757 367 171 308 206 373 802 837 569 739 597 992 742 726 190 115 610 277 900 200 343 114 475 919 681 620 329 235 429 792 381 349 781 628 705 123 543 589 557 929 633 323 507 206 761 894 238 801 614 334 258 645 799 969 136 796 656 473 601 345 131 441 507 315 657 600 473 397 577 169
918 900 175 642 769 690 756 212 195 699 653 720 186 824 491 767 608 847 279 245 997 748 114 742 555 102 635 127 301 984 313 642 620 777 163 230 284 978 699 213 575 161 258 384 774 668 693 793 679 192 477 284 221 761 566 442 917 953 665 100 920 417 325 918 686 818 631 388 194 188 529 210 981 462 153 680 300 288 351 122 561 949 614 642 880 399 842 972 887 187 348 774 388 451 319 212 614 688 480 750 517 971 707 134 397 509 998 938 223 652 711 508 710 710 391 599 600 557 921 235 468 938 209 665 125 755 823 828 355 550 628 847 764 655 589 127 303 302 678 108 704 435 424 167 204 809 304 281 984 572 186 475 586 440 334 719 913 823 223 596 376 734 418 579 417 102 765 814 220 168 446 540 258 631 201 810 583 563 314 982 240 445 507 182 594 614 296 674 393 925 708 521 115 210 510 252 916 470 287 829 210 321 481 462 337 409 751 691 416 295 369 931 288 687 217 223 794 624 121 162 622 814 984 981 111 546 193 883 214 824 314 802 917 518 127 345 173 801 389 216 325 609 549 350 556 459 277 133 822 350 317 344 268 923 426 387 121 749 115 945 403 775 667 869 600 477 740 495 405 951 963 919 907 536 496 631 605 197 884 436 950 902 560 965 887 451 451 988 329 586 239 237 397 417 845 384 396 454 794 175 384 510 330 603 933 300 225 892 587 312 719 847 502 361 249 396 953 436 652 392 523 526 446 589 963 449 517 988 135 620 977 186 436 799 406 762 311 917 764 470 328 488 792 282 831 537 651 919 478 181 307 628 512 407 311 171 704 693 526 143 940 172 884 121 800 867 836 733 716 441 621 467 924 405 154 907 728 903 886 749 463 589 747 989 991 667 348 348 799 892 803 526 940 568 346 406 841 791 604 625 452 420 934 285 566 108 429 936 780 200 834 211 746 418 330 776 802 214 683 212 700 166 820 942 529 550 731 286 795 756 176 196 833 565 935 136 208 768 130 159 162 844 520 449 764 830 265 139 270 208 921 380 975 660 328 248 653 554 818 808 715 793 857 293 263 334 481 212 170 835 671 730 158 444 315 475 355 435 544 609 228 650 157 814 971 892 590 913 939 813 558 859 583 282 593 415 568 280 812 754 858 193 749 908 315 280 998 918 760 364 485 343 698 891 582 321 115 812 389 931 772 301 795 440 343 487 161 809 303 459 334 817 732 592 372 988 651 497 654 930 742 235 361 587 184 292 234 523 170 795 190 908 860 565 354 782 766 757 189 422 882 567 830 195 434 531 995 405 621 632 636 417 906 928 559 313 303 302 437 120 891 282 298 895 319 194 448 879 760 628 244 537 959 347 598 655 404 216 446 746 502 819 576 198 386 967 481 430 890 805 927 246 193 232 732 596 368 854 397 536 177 775 209 421 463 265 241 515 525 340 976 331 715 649 572 236 162 515 282 363 888 835 577 849 291 167 612 879 702 430 170 424 869 854 298 977 838 221 261 181 691 815 535 199 817 471 939 135 214 773 591 794 838 290 869 335 305 375 131 347 292 805 867 579 238 794 441 540 625 799 367 254 128 596 273 199 223 323 268 530 634 550 823 420 291 123 443 486 927 154 853 212 836 255 859 712 558 656 583 846 306 617 472 956 907 956 277 321 461 624 388 806 482 724 244 835 893 637 546 133 282 495 178 424 731 196 126 790 757 973 722 304 895 383 938 604 319 764 161 979 736 541 944 837 125 538 688 405 771 599 118 539 107 868 812 526 571 116 832 499 928 589 887 166 122 619 670 879 972 786 245 359 324 280 229 671 755 824 718 949 324 125 639 996 105 632 106 322 345 646 456 414 814 177 247 925 870 268 208 144 340 410 306 796 152 575 288 840 175 599 435 160 213 688 846 229 645 615 296 960 682 447 176 505 839 661 539 897 415 998 914 671 756 557 138 716 198 323 412 841 197 611 748 216 758 462 983 765 489 386 830 243 563 487 432 809 184 827 675 175 452 692 900 490 780 520 958 945 955 305 891 118 662 315 989 447 235 140 702 523 573 482 255 192 305 383 327 421 194 435 637 729 399 302 516 311 874 188 665 431 102 913 645 226 318 936 236 944 184 394 807 102 914 382 572 603 475 813 322 648 922 225 874 916 666 658 960 286 548 516 770 820 528 821 937 874 176 122 469 981 455 569 746 981 140 231 752 933 440 992 533 463 523 796 716 458 755 802 101 580 857 594 227 657 749 160 739 509 472 372 451 755 945 589 273 814 497 982 122 996
