50

4 5
4 7
1 7

16 12
94 12
16 36

428685712 23000073
596516650 189641422
428685712 189641422

478160381 102520060
783368691 102520060
478160381 19632786

304089172 540383427
365180541 540383427
365180541 222688882

35005212 162170322
14660871 162170322
35005212 521595369

278722862 861021531
278722862 233665123
336465783 233665123

145174068 395870394
85295453 395870394
145174068 468703136

106596977 490175108
315634023 490175108
315634023 635723059

59961394 89018457
28561071 89018457
59961394 54145816

131176230 607790171
131176230 653377374
72427041 653377374

517747628 756898538
608413785 756898538
517747628 459797248

80978201 38664371
149798316 38664371
149798316 30146042

412776092 324972892
412776092 424268981
260655588 424268981

18258955 6499768
137806863 42999171
137806863 6499768

402370166 54496881
402370166 84420926
511702306 84420926

572660337 41356669
233090509 41356669
233090509 159126506

100661314 433925858
34341670 433925858
34341670 84353895

119259648 865691
119259648 1100546
939819583 865691

610515435 585990365
153313173 174323385
153313173 585990365

477171088 107813133
467946188 107813133
477171088 356426809

780695789 499715481
491705403 499715481
780695789 709393585

752392755 474612400
549214422 314870260
752392755 314870260

411549677 843993369
120848385 843993369
411549677 296223274

1 1
0 0
0 1

2 1
6 1
2 0

68 2
49 2
49 0

35060062 603570493
330573318 603570493
330573318 56690263

402724286 107649160
959997302 107649160
402724286 485560281

194953866 894429690
169274578 158487239
194953866 158487239

221558441 8639737
221558441 270744730
177724267 8639737

114738098 690387
92977305 7905772
114738098 7905772

21583857 498777856
610120710 498777856
610120710 791698928

255179498 524872354
72075088 522532257
72075088 524872354

82950912 703964684
82950912 192099256
269455307 192099256

112805732 40332872
160051529 40332872
112805732 31061285

378409504 26773308
199620254 515530020
199620254 26773308

409959709 4297113
143347213 77486716
143347213 4297113

113403633 289700724
113403633 168002245
200747797 289700724

90155839 2269747
150122847 439493452
150122847 2269747

231192380 622597489
111537764 338888228
111537764 622597489

147469842 438792351
141527089 438792351
141527089 269441500

13628669 39237149
142757035 116087765
13628669 116087765

8936988 387346491
6321447 982275857
8936988 982275857

350322228 841148366
350322228 77985204
209098719 77985204

473165004 186452552
771151433 186452552
473165004 39636468

476153276 128448265
187594922 213975408
187594922 128448265

653468859 130794396
653468859 53539693
585567170 53539693

605908236 203599252
76065818 203599252
605908236 350573794

0 0
1 1
0 1
